---- Output Start ----
377460.211765
435974.894118
357182.650980
363532.666667
288908.862745
298819.482353
334635.011765
377740.180392
325622.886275
257576.086275
291727.898039
331244.894118
371925.529412
334626.682353
351731.788235
264534.517647
320631.082353
301108.478431
259342.658824
321620.133333
335053.764706
282118.047059
386271.819608
344985.160784
281431.427451
233151.709804
282005.074510
327776.462745
291548.494118
292689.647059
283324.000000
332155.882353
407942.031373
311344.807843
300138.094118
510461.349020
283278.039216
392429.843137
283959.803922
308407.380392
323692.870588
281473.239216
276126.321569
304846.274510
306280.596078
324493.513725
314291.341176
327011.976471
309138.752941
278385.592157
331148.101961
343598.439216
271258.878431
312735.670588
353116.078431
303165.615686
336374.698039
352584.870588
283782.792157
317066.172549
268696.156863
289682.776471
305440.039216
367655.921569
268034.329412
281201.466667
329808.360784
327089.364706
377346.415686
234297.372549
302914.462745
372831.278431
310098.117647
328188.400000
322611.921569
266858.070588
355547.270588
331702.109804
345091.592157
343801.247059
301237.615686
262817.992157
244501.121569
362193.254902
248688.101961
320884.470588
327413.756863
335306.823529
355907.968627
350179.686275
271848.956863
354933.827451
292553.913725
322723.568627
338692.109804
328280.949020
304896.509804
335825.254902
303293.937255
373048.439216
367721.082353
408214.729412
282005.074510
316008.564706
277644.392157
412848.619608
280515.458824
343292.917647
263313.725490
305674.188235
320093.082353
390344.768627
325174.125490
369148.956863
261468.164706
245824.815686
420140.062745
299032.447059
295774.807843
407976.996078
392894.517647
320534.886275
384956.933333
378663.654902
320230.478431
322346.431373
262374.941176
346305.262745
313365.843137
296565.200000
330544.886275
309684.831373
327527.443137
354363.654902
416415.396078
332531.819608
339898.917647
256594.478431
333513.662745
323479.113725
316295.050980
401995.098039
400363.568627
321641.827451
235961.498039
296980.807843
269887.945098
256436.368627
282504.172549
325712.619608
266189.960784
367921.035294
351319.827451
274697.537255
273005.498039
290787.937255
288768.886275
324233.992157
275418.392157
336894.015686
299351.419608
285735.168627
268080.196078
356523.466667
364011.850980
374984.243137
322019.427451
342213.945098
308644.407843
297341.639216
422711.647059
298351.929412
387535.011765
238089.286275
333473.968627
325588.988235
322567.066667
292903.717647
394371.058824
341661.670588
338006.494118
373481.592157
305205.192157
344331.043137
414948.784314
297863.749020
323462.321569
226261.098039
262369.121569
302673.058824
268276.729412
296871.701961
282689.474510
313609.396078
389632.282353
349583.239216
331158.360784
284927.247059
338391.223529
269381.200000
344797.607843
381709.207843
313551.772549
384908.752941
274804.658824
283720.478431
314158.933333
242151.960784
289681.043137
337087.105882
258439.537255
299264.109804
282668.407843
284178.337255
300776.196078
340954.611765
297455.160784
314279.121569
311441.905882
268251.294118
297362.039216
320405.309804
334732.580392
380522.603922
335103.474510
328650.580392
373706.031373
420827.537255
338342.635294
271910.392157
308909.223529
294790.949020
465187.490196
340860.321569
337193.866667
327739.607843
284835.756863
353713.207843
365769.458824
291106.501961
316472.376471
335113.725490
300207.294118
347832.501961
368374.901961
317740.282353
330161.537255
410591.976471
335989.082353
339440.737255
337008.933333
314458.658824
288853.537255
343971.152941
326128.447059
313711.372549
315767.843137
345475.537255
296696.125490
283914.721569
429713.341176
332600.062745
321028.109804
347401.011765
302052.431373
247038.831373
309642.941176
275716.298039
264834.603922
315037.952941
312967.050980
375830.321569
321124.698039
344084.400000
378896.588235
327734.917647
355738.062745
307723.356863
407171.905882
312187.835294
350158.462745
301056.321569
305385.898039
322779.466667
359925.835294
278174.713725
289236.211765
305572.258824
347692.768627
258509.952941
277508.737255
252547.262745
306102.352941
316606.996078
291529.301961
256628.321569
264987.654902
262121.184314
310775.678431
343598.439216
289266.556863
350024.964706
323587.984314
304106.713725
260005.866667
321285.756863
294104.462745
398683.356863
287047.600000
291351.490196
316776.470588
238087.458824
326831.772549
301428.000000
312935.247059
341997.066667
310260.454902
346995.788235
293997.396078
291959.992157
283862.972549
412378.839216
333234.533333
300291.301961
386210.933333
312711.827451
321949.168627
281616.172549
318664.564706
275208.258824
282815.419608
326936.596078
292095.623529
288191.403922
282356.737255
269114.313725
331839.741176
310587.976471
244671.764706
330029.380392
228919.913725
308489.560784
376513.192157
266134.274510
333482.000000
294835.396078
279506.556863
252739.529412
267370.674510
377380.549020
396858.360784
341736.274510
330131.843137
363420.086275
324861.984314
345919.858824
395076.729412
297010.478431
377495.380392
347286.447059
304400.556863
305496.313725
265525.349020
291443.490196
236206.541176
290965.568627
291724.580392
288041.215686
333651.254902
337621.176471
377877.388235
298507.749020
334078.094118
329191.670588
334804.611765
290045.866667
264495.098039
279241.929412
298526.086275
336671.286275
401124.290196
338828.635294
293730.156863
292878.925490
337988.878431
257607.474510
323947.545098
260721.850980
369626.266667
285196.431373
258076.964706
318973.764706
304979.772549
279788.149020
293907.003922
235045.247059
297509.137255
244671.764706
336810.698039
278111.913725
335284.643137
319071.058824
293594.086275
404958.941176
367943.929412
386710.360784
248572.972549
382055.764706
491251.411765
312936.015686
290635.035294
322336.211765
315918.878431
334749.254902
305308.062745
297342.713725
344188.760784
385581.301961
357783.749020
307997.262745
331599.992157
290706.572549
339130.313725
322372.305882
409986.054902
286683.058824
322347.443137
260955.560784
283253.200000
336729.450980
288824.909804
315394.564706
355384.619608
392482.196078
358692.274510
264054.447059
278622.682353
286812.329412
300969.066667
381220.235294
335640.509804
308850.062745
293256.737255
342107.560784
293361.701961
325475.027451
299012.854902
324270.086275
320281.835294
327285.866667
266184.384314
252597.098039
284266.298039
269516.407843
302430.007843
357672.345098
343835.913725
321688.054902
295320.588235
369798.823529
281018.423529
316384.141176
328006.635294
303917.262745
322550.501961
413514.039216
365756.172549
258492.345098
236956.329412
258495.011765
372500.227451
294363.717647
258076.964706
349292.227451
341141.325490
260199.498039
294507.560784
223528.149020
439798.941176
345255.631373
313365.843137
286945.247059
312695.003922
332136.290196
280418.423529
316772.219608
306429.411765
320254.941176
257797.647059
392567.505882
331951.113725
321053.231373
294612.329412
352520.266667
334202.682353
366124.211765
299636.250980
315171.945098
262528.949020
283166.588235
277462.768627
279864.768627
324001.466667
317357.349020
266345.709804
327047.450980
351113.058824
338231.082353
396493.458824
333281.239216
311792.556863
326746.619608
343756.839216
318465.788235
366786.062745
387533.215686
284359.756863
310923.960784
282725.733333
436919.615686
303702.462745
381142.682353
381064.360784
261886.768627
294842.862745
357391.482353
380153.427451
354874.368627
387539.168627
272637.278431
334222.078431
298447.631373
401516.611765
313190.776471
277613.364706
300525.937255
302193.513725
274389.521569
328503.082353
309488.807843
252374.784314
336788.282353
275523.490196
280799.835294
278499.443137
283684.901961
296315.239216
241420.360784
361019.898039
315267.490196
280845.380392
361419.505882
352913.874510
343189.505882
248809.607843
303312.392157
309445.388235
395087.929412
341862.290196
355434.094118
316043.545098
304673.639216
294910.721569
316470.039216
319861.835294
293357.498039
373359.521569
327011.976471
288465.458824
265102.321569
392140.290196
274798.454902
361942.956863
286207.137255
333874.901961
297406.062745
392977.082353
299574.596078
289787.270588
252085.356863
269252.831373
235961.498039
345780.039216
295007.521569
401818.172549
339654.078431
442820.141176
386710.360784
303476.862745
295046.047059
284359.168627
352309.443137
308508.117647
320316.776471
348750.933333
302357.631373
397391.301961
276230.698039
324979.372549
275749.074510
354736.941176
372779.803922
284668.109804
315552.243137
328855.529412
329653.654902
262897.984314
303756.274510
310199.521569
277654.596078
326517.262745
365932.572549
306230.650980
287750.603922
306805.262745
290282.023529
265954.203922
292858.588235
301204.141176
251814.596078
310783.631373
296000.698039
337883.458824
230982.486275
311981.458824
279467.364706
317774.862745
257731.733333
304018.431373
378683.772549
346641.011765
329852.509804
307608.682353
257718.478431
357589.458824
345738.776471
291062.909804
344670.603922
295903.568627
339888.298039
330964.274510
267567.694118
287062.392157
278507.882353
245491.333333
325162.721569
390027.098039
324008.172549
326247.435294
303945.898039
338815.537255
356240.823529
251668.745098
262625.294118
318466.894118
313839.929412
341876.996078
338349.921569
307837.850980
312047.992157
384826.509804
354560.400000
252543.082353
270863.301961
494252.392157
379972.133333
314353.654902
350967.482353
307001.976471
314203.992157
236526.431373
345409.396078
241877.858824
293929.960784
315041.850980
276492.133333
326262.047059
269565.490196
331674.047059
386983.670588
268850.839216
294757.050980
282344.392157
277398.149020
260246.086275
345107.607843
332174.337255
343529.905882
308819.576471
292698.125490
269303.223529
245832.015686
305273.905882
298351.929412
396705.584314
348483.968627
268742.894118
313300.337255
351198.650980
238545.035294
293049.066667
239558.949020
319646.588235
293119.121569
305854.360784
266016.964706
300153.890196
344990.494118
276232.478431
381297.615686
280533.921569
255318.407843
315375.317647
277306.368627
298557.976471
352534.298039
301800.227451
294070.705882
301052.070588
353520.227451
269951.396078
364637.129412
335980.690196
240733.866667
447716.752941
269047.372549
452387.364706
292766.313725
335312.713725
320277.380392
252976.039216
344276.313725
355442.729412
371078.870588
284576.839216
306838.431373
256513.152941
234178.901961
338708.729412
307330.015686
299501.686275
355630.000000
289068.792157
309030.376471
251336.541176
308817.278431
300151.835294
387522.698039
353690.870588
355816.368627
375999.858824
270480.768627
330159.623529
351320.705882
389920.745098
220082.956863
318296.611765
320634.164706
295632.917647
290768.164706
323545.184314
326349.396078
335418.101961
274040.878431
372216.117647
319171.105882
366792.596078
300142.627451
312862.039216
339425.529412
320941.529412
414645.945098
347537.184314
309346.133333
329003.647059
250702.949020
273266.400000
373649.333333
269964.180392
338152.000000
279571.968627
327564.721569
287530.839216
286996.643137
321266.878431
290796.847059
255709.694118
291505.623529
424438.250980
290936.015686
316198.313725
374587.945098
283121.694118
380416.392157
330544.368627
339640.690196
412750.494118
329236.501961
294249.090196
355384.886275
309346.133333
338875.137255
302145.882353
344066.345098
324269.168627
393883.858824
310885.294118
266063.301961
314724.400000
316008.564706
297806.070588
434780.400000
294241.043137
434917.349020
337876.862745
413423.945098
301721.968627
310689.984314
291921.960784
275993.074510
307175.960784
342289.474510
373445.388235
359623.301961
378584.031373
352191.976471
308506.376471
391453.356863
298954.823529
286582.368627
343201.937255
280580.611765
261875.968627
323182.219608
287480.572549
369351.200000
324841.474510
274154.156863
344014.054902
341541.247059
282404.054902
399749.529412
355744.674510
444711.301961
301336.203922
323097.678431
337769.717647
370408.486275
241148.070588
346768.776471
266461.733333
377063.960784
301194.823529
329919.662745
283862.972549
390291.945098
272577.929412
446897.984314
272838.517647
353202.752941
256618.015686
310133.921569
276097.082353
317899.560784
330286.141176
302220.949020
280698.250980
422711.647059
286304.250980
268892.729412
323695.239216
296786.133333
332164.768627
310629.490196
366685.835294
288109.662745
362141.364706
357319.450980
354304.635294
292713.270588
252934.619608
329164.698039
330417.615686
344229.960784
273571.105882
315509.537255
273671.529412
331811.662745
294544.062745
292423.325490
330361.521569
326960.768627
341984.141176
311885.192157
274420.721569
411002.125490
292928.454902
279099.435294
287848.525490
325399.231373
281022.517647
263933.607843
307149.427451
335291.921569
292222.101961
290942.964706
304369.678431
335045.184314
342613.090196
338749.254902
327063.192157
272620.980392
394052.619608
259472.705882
379272.705882
290524.352941
258740.313725
340795.780392
287640.980392
251472.321569
379381.043137
411196.054902
266957.129412
267367.937255
360425.207843
325198.894118
313691.490196
337927.333333
246582.337255
387267.592157
333770.282353
303108.603922
238921.654902
271197.850980
306873.694118
307207.396078
309320.556863
291954.070588
285132.721569
275318.925490
269724.972549
303289.890196
312779.984314
325237.435294
325808.000000
351656.235294
300121.952941
325220.807843
344694.925490
319727.411765
437402.752941
299502.870588
335094.737255
274835.458824
351241.631373
287323.082353
360373.356863
349744.243137
292712.815686
284208.541176
273715.168627
301293.803922
302086.345098
306866.086275
399805.858824
297103.450980
410848.439216
300958.823529
285245.364706
350559.200000
368655.231373
423523.694118
284618.925490
276368.196078
269367.356863
272549.419608
317857.545098
287407.098039
357578.117647
363532.666667
292785.749020
338472.650980
277537.011765
302974.392157
263388.564706
289255.050980
377581.537255
322113.905882
250311.733333
329144.054902
418500.752941
371378.556863
336195.545098
299876.219608
328584.494118
253063.341176
274554.996078
383353.396078
314675.537255
358292.619608
344064.713725
308527.278431
236206.541176
326465.176471
278792.439216
412448.180392
275912.698039
332990.509804
348010.525490
269057.513725
373917.678431
266307.435294
331799.050980
343130.894118
261494.219608
312376.494118
400804.972549
349028.760784
299374.454902
312375.584314
286088.172549
308705.482353
375796.078431
321443.835294
355747.270588
275761.160784
345255.631373
362019.356863
236015.639216
354736.941176
255844.180392
322883.474510
277637.639216
287549.043137
259735.450980
324681.301961
314631.882353
300130.603922
344404.964706
353067.247059
327568.094118
320247.647059
282914.541176
400505.215686
365311.301961
307703.427451
306703.686275
339050.807843
345316.470588
240724.619608
257867.231373
351469.372549
311733.490196
435319.207843
290594.705882
228580.596078
328904.980392
388440.000000
325681.349020
303365.388235
322627.498039
321118.949020
361604.745098
410346.203922
301731.207843
352440.549020
425933.152941
347875.898039
269131.670588
319907.882353
320296.462745
330703.349020
302014.721569
293818.619608
291759.074510
346039.121569
335069.356863
300754.635294
326514.650980
342663.796078
355266.972549
342926.227451
283577.450980
350013.866667
286607.239216
328349.090196
373387.145098
321688.054902
303342.196078
323814.964706
300447.098039
352573.952941
263853.733333
294507.560784
407112.266667
278680.000000
281740.580392
333946.227451
289828.690196
268161.686275
347345.058824
