---- Output Start ----
290946.627451
326885.011765
314668.298039
315076.713725
267509.027451
363076.878431
313005.631373
319056.392157
301105.309804
419756.243137
370212.039216
342840.894118
331031.670588
280409.435294
274883.803922
373520.376471
334611.027451
321826.141176
287132.494118
323611.098039
348166.360784
327663.639216
330271.874510
295189.403922
313795.717647
323144.635294
408764.713725
327033.403922
242573.058824
240672.478431
289913.286275
316985.482353
313707.309804
374894.290196
287932.776471
301527.960784
290318.290196
268963.215686
292130.619608
308314.721569
322744.094118
245779.921569
362300.321569
370439.027451
353154.470588
340078.870588
312014.980392
300618.541176
304595.811765
355731.152941
268363.121569
258222.917647
355117.278431
358388.243137
345169.090196
411196.800000
307800.721569
302538.784314
290156.384314
391341.819608
300455.694118
284133.380392
359887.615686
373442.933333
418907.364706
300332.588235
387954.815686
276360.086275
299074.588235
340440.603922
308413.411765
279455.631373
386898.415686
343439.121569
303645.168627
339952.933333
357820.172549
299721.929412
282392.847059
294198.580392
305236.101961
434043.850980
329464.407843
307599.458824
339275.780392
275109.921569
276305.121569
360469.992157
311388.054902
286674.400000
300810.658824
269394.603922
304288.227451
337838.494118
310904.533333
339357.129412
323466.211765
354723.913725
361174.439216
320177.796078
220167.105882
360945.301961
412370.086275
356617.121569
227840.384314
240004.549020
309036.941176
375260.792157
309368.525490
303064.737255
325090.078431
342071.168627
256721.811765
316936.431373
321329.521569
301113.176471
304739.607843
290828.690196
368630.172549
302479.435294
309688.627451
278776.980392
280824.533333
327575.380392
258433.262745
301893.435294
298857.474510
339643.694118
263711.945098
321614.164706
357413.615686
263542.658824
358117.380392
352335.396078
331256.721569
265452.619608
391141.678431
244036.250980
279509.858824
328469.043137
398909.709804
396705.364706
407000.666667
371980.054902
333370.713725
364690.094118
393894.533333
356477.733333
341122.274510
309269.200000
317570.454902
285472.384314
340202.376471
288588.674510
288804.917647
309847.756863
351493.443137
283959.803922
320820.925490
377299.960784
408505.129412
288245.254902
362191.537255
333426.172549
320196.525490
328320.862745
275829.960784
411176.156863
419102.941176
289766.588235
334976.219608
320915.443137
345272.525490
359044.807843
278830.141176
289581.254902
293274.258824
235440.486275
348679.568627
243831.035294
272731.819608
306835.537255
365848.023529
307407.380392
353911.921569
244634.729412
293639.427451
296954.611765
319346.258824
319333.098039
288318.117647
276598.203922
356089.403922
329180.384314
314019.466667
385011.772549
303594.760784
353628.533333
386718.305882
339337.513725
367519.184314
307710.345098
315323.200000
310428.086275
342123.192157
281964.478431
337241.341176
322086.988235
297486.635294
283490.000000
352208.360784
306338.047059
332286.478431
303101.403922
286043.474510
301873.043137
337483.011765
272364.125490
403374.745098
268095.419608
288004.870588
329043.670588
277462.000000
375422.439216
406034.682353
317493.003922
282914.596078
341862.290196
362553.505882
432247.090196
386445.584314
286139.309804
293903.756863
264163.513725
274596.211765
300874.172549
293538.517647
250244.196078
364175.945098
372216.117647
355891.850980
336529.858824
492775.145098
318445.247059
251800.549020
318515.615686
305190.431373
365807.592157
306548.400000
309486.525490
406524.549020
366124.211765
333243.788235
305020.909804
273268.462745
290826.156863
321374.643137
384946.337255
279382.831373
270698.792157
353655.945098
309486.525490
380150.423529
317119.388235
249712.054902
494713.513725
306101.349020
284102.392157
347651.976471
264045.349020
352200.682353
379018.792157
312630.415686
332699.129412
300516.533333
363783.105882
301847.419608
242594.337255
278166.996078
290594.705882
301776.258824
326525.686275
382446.337255
294321.427451
347576.266667
291495.733333
283013.913725
291792.400000
326359.066667
290961.960784
318239.058824
287483.639216
290782.980392
287011.372549
316888.211765
301793.482353
362379.082353
373385.035294
328419.788235
251281.482353
286370.501961
273951.192157
332571.121569
298566.917647
421727.592157
299471.521569
257919.647059
411128.290196
314505.678431
306709.372549
269057.513725
283229.945098
305489.419608
334470.062745
263721.098039
322819.984314
354021.231373
403128.211765
284393.286275
296219.827451
350610.094118
360681.482353
297509.137255
391773.341176
293191.890196
230529.866667
327869.984314
343735.835294
238246.454902
280827.694118
245639.450980
354400.117647
287113.788235
280766.980392
366426.784314
348700.258824
309711.976471
399016.925490
329236.501961
297901.843137
285701.976471
276369.694118
285356.549020
316103.913725
287968.721569
358020.486275
263767.066667
286996.643137
299284.949020
316435.262745
343114.572549
306606.956863
294936.784314
366847.388235
320672.909804
386120.784314
360986.807843
324177.239216
354385.427451
316154.486275
316272.784314
296347.882353
304898.996078
238325.239216
311252.996078
408273.905882
231125.827451
357608.768627
321264.878431
402307.654902
353185.764706
346641.011765
295519.584314
291105.435294
277595.796078
383040.031373
337256.901961
336352.909804
362283.733333
466327.717647
277981.968627
312919.231373
389428.580392
371930.650980
373442.933333
290107.262745
277288.149020
302776.862745
291893.717647
367119.929412
295071.074510
344955.364706
282653.200000
357133.654902
348122.549020
325052.650980
347906.125490
281541.984314
261148.321569
335792.737255
329896.000000
316253.458824
253739.694118
301394.227451
305020.337255
329191.670588
324009.168627
273476.580392
306141.466667
282356.737255
279782.282353
368127.835294
317808.525490
301864.305882
303796.266667
295748.015686
315171.945098
353019.301961
308882.760784
331138.266667
277246.133333
334895.466667
363182.737255
318101.568627
352665.066667
314595.529412
275450.384314
360441.552941
322501.082353
340907.694118
437894.196078
278194.462745
296080.345098
381986.156863
324743.623529
318870.690196
315813.098039
415352.807843
388493.694118
394465.584314
351262.250980
272047.521569
381986.156863
350227.160784
272958.909804
319097.192157
308149.992157
305064.282353
335720.690196
349929.639216
274401.278431
433531.600000
251133.850980
315023.286275
276979.239216
313768.172549
431642.517647
277841.474510
395728.274510
307332.345098
329056.501961
355297.247059
278972.784314
356165.827451
300827.098039
315713.223529
333139.278431
366662.149020
313564.274510
415390.290196
346434.556863
365063.090196
326329.960784
265186.062745
331822.384314
271622.815686
292755.615686
458436.768627
325224.274510
360945.301961
337085.090196
271618.329412
294007.529412
305907.341176
307832.423529
367628.784314
298603.223529
348202.768627
427292.337255
373658.125490
318970.815686
340202.376471
269830.431373
378271.600000
302289.435294
338620.509804
283862.972549
264086.674510
294541.333333
302160.549020
403936.525490
302044.156863
304821.090196
318268.886275
345779.396078
291385.803922
316206.760784
316111.552941
259342.658824
322356.188235
325330.360784
286503.568627
318763.874510
371836.698039
299162.423529
313504.901961
384558.894118
303650.690196
373230.541176
284036.886275
401102.729412
234492.588235
293117.364706
326310.478431
413144.368627
313412.266667
302514.274510
373048.015686
312525.568627
357277.905882
268960.337255
304705.686275
471482.149020
324262.180392
248517.960784
297859.160784
292811.898039
386865.121569
318312.203922
283290.423529
261578.109804
315533.129412
237322.015686
319524.619608
300662.023529
352861.278431
325308.541176
325682.235294
369382.431373
278488.854902
265658.823529
310458.415686
318571.066667
284079.552941
306794.792157
350052.321569
314518.752941
273832.164706
294018.384314
271465.184314
399309.035294
403485.866667
270237.270588
322246.415686
326666.447059
282408.360784
353814.776471
239860.172549
277225.929412
266554.933333
258562.054902
291915.403922
333512.870588
264300.172549
330644.823529
284896.807843
336648.815686
410688.752941
298810.337255
356004.917647
307710.345098
288748.815686
310465.607843
218721.411765
318345.435294
375996.321569
335983.819608
284497.827451
283050.901961
490941.960784
392670.870588
281718.909804
315360.211765
312771.184314
398880.949020
306409.733333
364835.011765
318636.094118
294520.580392
346695.168627
340831.654902
345475.537255
326277.278431
310702.062745
318512.533333
425386.015686
374822.509804
277868.839216
267730.901961
341610.109804
321826.376471
371649.168627
362600.141176
467992.525490
466091.341176
367042.988235
274513.709804
316268.094118
302816.149020
314425.615686
354117.882353
257718.478431
222345.584314
283921.019608
327490.933333
343944.611765
286282.117647
278881.341176
274393.937255
285259.639216
284510.360784
298804.580392
317348.109804
330821.780392
368307.819608
305491.372549
422002.737255
296850.517647
324559.513725
284174.909804
320796.203922
273212.784314
346963.317647
404939.733333
335430.752941
301927.631373
314196.243137
351656.235294
274802.666667
345320.282353
285082.886275
369839.560784
337441.529412
355841.921569
332767.733333
255310.996078
245264.133333
324724.941176
308026.619608
297617.694118
248008.298039
297103.450980
306257.341176
254370.556863
330164.015686
314670.211765
276729.670588
258712.149020
259376.345098
332180.964706
317950.094118
351717.380392
360113.364706
300499.207843
446620.250980
283201.247059
295216.501961
232348.054902
236068.494118
249868.949020
308348.752941
420140.062745
298470.047059
316221.615686
358945.725490
259111.623529
316780.015686
311207.309804
302381.254902
302867.717647
324934.235294
331428.188235
330436.086275
307123.011765
290953.231373
329941.011765
304832.133333
366736.549020
294105.945098
345353.090196
324095.349020
373867.458824
326575.505882
321869.113725
286134.525490
345811.113725
293709.709804
372967.129412
321125.662745
305659.239216
340051.709804
241197.098039
315622.643137
326068.000000
388263.701961
386672.274510
259903.929412
274149.239216
274596.447059
358368.250980
325459.921569
306574.101961
365889.984314
285490.486275
312987.576471
288454.752941
397532.407843
272824.219608
408046.533333
365015.796078
309071.960784
281830.650980
314529.498039
295247.074510
351763.129412
331444.164706
337311.137255
298439.701961
290787.937255
290435.992157
315945.803922
430113.372549
327247.788235
317300.180392
448130.549020
334110.517647
264967.756863
355059.709804
372739.741176
339872.282353
285756.980392
379914.525490
313508.878431
341334.760784
325987.364706
300736.988235
312811.521569
336956.407843
308309.529412
360122.494118
278912.956863
297039.427451
285242.015686
368374.901961
291759.074510
333940.611765
284211.678431
301798.800000
310554.384314
339466.282353
330749.576471
287714.007843
289798.321569
278260.737255
291001.819608
295122.658824
298982.439216
334172.086275
270882.666667
288895.968627
322781.192157
458436.768627
259460.211765
314844.172549
260583.678431
319662.219608
288571.568627
349607.003922
327436.196078
243292.109804
372912.407843
337956.760784
266999.890196
291594.627451
306268.423529
317758.164706
317741.968627
346418.792157
388237.505882
210997.639216
310870.431373
348950.815686
331977.129412
321770.078431
302442.078431
250840.203922
294582.101961
264453.929412
345872.376471
295092.517647
425142.086275
318116.439216
354034.643137
390765.270588
350807.145098
285665.513725
321900.627451
426074.313725
294400.925490
379689.717647
259735.450980
264757.647059
339263.819608
411243.317647
311986.243137
369154.705882
304125.678431
347220.250980
379978.015686
293537.929412
351661.607843
387228.745098
289476.658824
235045.247059
368801.435294
283909.741176
379461.443137
293517.701961
401515.043137
341334.760784
313190.776471
216877.701961
361758.619608
320042.823529
337642.188235
265756.690196
275949.952941
281892.000000
331158.360784
323967.058824
241125.458824
337520.525490
284266.839216
251856.525490
262789.537255
298254.682353
352020.274510
282151.725490
244257.952941
241669.749020
386399.945098
330435.521569
396604.870588
284379.968627
347703.168627
364082.517647
313571.780392
282801.176471
333441.027451
307789.756863
298643.537255
384740.329412
287779.866667
319386.690196
292617.349020
395450.870588
291646.933333
361252.023529
293560.007843
263026.180392
272449.450980
322815.050980
452724.250980
323857.388235
385994.439216
320965.294118
345591.803922
270737.443137
270841.043137
283018.956863
297192.290196
287549.043137
363413.764706
340660.996078
271538.352941
292544.823529
316071.749020
301596.878431
307534.392157
308702.337255
280480.949020
323976.760784
306427.160784
281072.650980
335284.188235
343888.666667
340268.572549
317869.796078
334420.784314
324921.058824
328288.996078
309817.254902
295914.956863
351170.933333
319566.925490
315906.533333
281400.462745
340351.733333
395654.423529
283795.098039
253547.003922
211508.250980
301475.443137
357847.560784
428637.247059
372892.556863
324318.901961
369673.011765
365827.011765
374476.149020
378857.137255
293517.701961
364845.474510
317544.949020
311390.447059
295150.462745
274603.701961
365331.474510
346629.349020
307351.121569
296844.784314
327396.909804
296262.109804
314814.447059
328504.862745
304369.882353
270635.709804
358364.298039
333524.321569
312945.521569
362062.909804
388130.015686
252433.984314
353154.870588
380772.164706
369561.325490
414357.050980
377684.894118
292892.894118
298154.227451
307646.956863
284714.635294
310407.968627
247858.556863
370197.882353
297516.337255
284442.125490
297334.274510
246048.588235
251219.129412
332400.250980
340350.415686
309200.321569
329053.670588
331784.650980
251423.835294
322494.400000
320930.580392
305012.211765
351990.250980
345567.552941
419123.654902
257726.462745
357823.301961
364628.674510
401896.831373
357210.156863
336569.301961
337080.470588
370724.384314
337951.019608
427490.815686
315248.823529
334106.596078
326993.772549
333437.074510
361700.290196
308150.423529
323636.345098
327390.352941
284832.713725
299581.278431
282671.992157
308879.890196
342897.427451
351531.858824
313365.843137
368058.721569
306983.733333
304292.525490
341421.403922
284679.231373
321074.423529
356873.278431
347928.776471
315171.945098
411087.192157
423523.694118
327945.498039
341597.945098
272383.741176
345608.517647
317993.027451
289291.560784
325413.254902
286065.129412
320247.647059
285082.886275
405396.792157
317020.705882
355541.654902
289828.690196
288551.937255
371581.600000
381001.992157
348191.584314
398806.564706
253677.231373
377065.168627
344014.054902
303376.133333
294084.321569
342195.592157
274326.392157
237247.200000
253176.494118
327942.752941
314597.082353
332986.407843
300331.019608
304570.698039
323461.631373
341736.274510
288242.227451
376053.858824
335439.529412
290692.674510
328306.776471
326543.372549
352179.474510
288515.639216
277625.200000
305780.721569
291535.898039
368564.227451
341810.000000
404502.784314
334913.200000
301470.933333
272839.090196
392638.196078
382519.866667
348280.172549
384678.274510
342438.627451
286298.219608
304400.909804
314060.243137
345602.674510
338211.819608
297506.800000
374601.694118
461965.043137
259729.098039
325284.650980
381270.823529
287456.996078
261990.635294
261561.301961
379141.803922
406102.556863
360695.733333
360681.482353
381639.152941
314755.835294
313034.682353
272501.615686
309250.180392
329111.482353
272647.505882
370408.486275
